       0  2.48445  6.37349  10.8437  2.61457  3.10467  6.52514  2.64045  5.67734  14.4542
 2.48445        0   7.3577  12.2645 0.469148  2.85147  7.85572  2.94022  6.70332   16.151
 6.37349   7.3577        0  5.17573  7.66275  4.66114  1.18786  4.68438  1.11875  9.19479
 10.8437  12.2645  5.17573        0  12.5904  9.64752  4.47448  9.71516  6.01782  4.28181
 2.61457 0.469148  7.66275  12.5904        0  3.21568  8.15869  3.13203  6.96194  16.4402
 3.10467  2.85147  4.66114  9.64752  3.21568        0  5.30892  1.51413  4.16574  13.6799
 6.52514  7.85572  1.18786  4.47448  8.15869  5.30892        0  5.24666  1.77961  8.38015
 2.64045  2.94022  4.68438  9.71516  3.13203  1.51413  5.24666        0  3.87812  13.5407
 5.67734  6.70332  1.11875  6.01782  6.96194  4.16574  1.77961  3.87812        0   9.8437
 14.4542   16.151  9.19479  4.28181  16.4402  13.6799  8.38015  13.5407   9.8437        0