      0  6.1725 40.6214 117.585   6.836   9.639 42.5774   6.972 32.2322 208.924
 6.1725       0 54.1357 150.418  0.2201  8.1309 61.7123  8.6449 44.9345 260.854
40.6214 54.1357       0 26.7882 58.7178 21.7262   1.411 21.9434  1.2516 84.5441
117.585 150.418 26.7882       0 158.519 93.0746  20.021 94.3844 36.2142 18.3339
  6.836  0.2201 58.7178 158.519       0 10.3406 66.5642  9.8096 48.4686 270.279
  9.639  8.1309 21.7262 93.0746 10.3406       0 28.1846  2.2926 17.3534  187.14
42.5774 61.7123   1.411  20.021 66.5642 28.1846       0 27.5274   3.167 70.2269
  6.972  8.6449 21.9434 94.3844  9.8096  2.2926 27.5274       0 15.0398 183.351
32.2322 44.9345  1.2516 36.2142 48.4686 17.3534   3.167 15.0398       0 96.8985
208.924 260.854 84.5441 18.3339 270.279  187.14 70.2269 183.351 96.8985       0